994.702
325.082
-30.4113
-120.446
-113.858
-158.904
-111.449
-88.9888
-56.0653
-39.9878
-42.0563
-9.08864
10.0113
18.8112
-20.5086
-33.1881
-28.5321
-25.1293
-27.6269
-12.8952
13.9739
8.99035
14.2117
-6.23491
3.03145
17.3158
26.6479
34.1257
-0.848315
18.7457
23.6776
-7.22784
-31.3053
-1.18164
5.68425
-2.04967
27.3462
25.1889
8.31585
-5.49548
5.99628
-3.10075
-38.2921
-47.2062
-27.5352
-8.39584
-23.8741
-22.859
-34.902
-21.4403
-0.982965
14.0287
22.7809
60.7294
58.2573
-20.0863
-8.71042
-62.962
-53.1208
-33.033
-14.6626
50.5981
79.1159
33.5843
5.3845
18.8729
11.8737
-60.5354
-33.9147
7.11939
7.59684
-9.75096
-48.8684
-3.90235
66.9319
56.8624
5.16918
-12.5041
-13.099
35.2649
59.1141
9.24218
22.5522
-8.12653
-85.4701
-63.276
-6.18018
-10.7432
34.3349
15.4771
10.6103
-0.753764
14.4804
26.5859
-17.9524
-51.8325
-36.0543
-2.80135
15.9274
18.4488
-29.3103
1.44399
31.8252
4.53221
-19.3577
-7.77087
0.74284
18.3688
-3.69963
11.4462
23.7011
11.6762
34.6948
38.5221
29.8859
37.1244
-7.80771
-59.8632
-79.5409
-11.2422
15.1203
-28.7837
-17.8337
-14.7254
-2.10655
11.0062
-15.015
-3.51955
8.09824
35.356
-22.5259
-50.7833
-63.0295
3.02885
18.0165
13.3474
34.6066
40.0682
-11.8317
14.9748
0.342319
16.5022
43.5636
52.3368
27.034
-32.7964
-29.0287
-35.7331
-18.8333
24.945
40.2868
-3.40468
-48.097
7.95049
6.36217
-31.2639
-21.726
-11.0909
-7.37752
-27.7212
-40.2407
-14.7605
39.8452
9.42706
-15.8309
-8.30672
45.2897
44.715
65.0031
43.7491
23.0003
-24.8461
-28.6082
22.5909
-18.33
4.21397
-0.798378
-10.3622
-33.3949
-25.9733
-36.6058
4.01243
-5.62108
-2.47248
32.2661
12.5364
-4.76052
-36.0718
-40.7998
24.3235
52.9697
22.2036
-23.7371
-1.64594
29.2144
64.761
-3.27986
-38.2628
-33.4967
-41.1056
-51.6763
-43.2894
46.2497
80.2522
55.452
31.8784
2.90971
-13.9387
6.64443
-29.745
-67.831
-31.5636
-31.14
-1.37686
34.7968
46.4632
-24.1645
-17.1815
-22.0477
33.0804
2.61321
-22.5896
3.54705
52.7315
35.4647
14.2011
16.6361
15.2793
7.0503
-3.27858
-38.9906
-22.7383
-34.2682
-41.6344
-25.3149
21.6407
-10.5659
-51.2079
-39.7338
-13.7976
2.48078
42.5966
60.118
22.7838
27.7409
0.128524
-33.1285
20.7793
70.5014
76.9612
12.2418
-21.2028
-27.2661
-44.6758
-49.0346
-6.92932
11.0707
-24.084
16.4451
16.463
-8.98265
-9.05464
-9.78523
-6.42228
13.1562
16.3463
-15.2004
-38.3315
10.3292
-8.49247
-17.057
4.09137
46.7945
24.2406
-47.6574
-33.1177
9.32151
58.2331
61.1927
32.2323
-10.6305
-21.9867
-35.4051
-1.9284
-18.7869
-19.6591
-46.0982
-17.0109
25.4962
31.2209
12.4698
10.3666
4.41186
-0.451194
15.2104
-10.9537
-17.4007
23.6386
-10.2428
-30.2177
-70.9803
-11.6871
29.2375
51.8467
38.8663
24.0346
4.44147
-47.0932
-63.4184
-11.6214
35.1134
26.8412
42.343
22.4853
2.21967
12.7535
12.9075
-12.1574
2.52744
-10.0722
-35.4938
-47.341
-14.0724
-11.7875
37.4696
2.89102
-0.566766
-26.0114
17.5509
21.7136
18.936
-8.25838
-13.1108
-8.71129
11.9125
-13.8952
-36.0927
-0.996894
15.3084
39.1274
26.2599
8.57995
28.3202
12.8979
-28.1086
-84.63
-58.7856
-27.0414
-1.08167
-21.1421
35.6609
53.279
29.1968
22.253
18.0609
6.12549
13.8897
29.1052
11.4869
-17.655
-37.8345
-55.3833
-32.8273
9.33305
27.5866
22.7517
-0.679826
-26.4775
-2.84141
-15.9406
4.32835
7.69042
2.00782
7.36812
-20.5783
-32.9173
-18.6251
43.2312
66.6331
40.1242
-0.0419551
-11.4208
-32.6425
-41.9277
4.44763
35.1707
20.4144
10.4539
25.4541
-12.9034
31.1571
53.429
56.7299
-22.1615
-49.2904
-49.1041
-61.4827
-50.4247
-6.98184
2.52411
-2.96974
-16.5006
-25.9735
-5.47563
44.9605
30.713
-6.91182
-17.0363
2.45828
5.13715
28.967
37.4613
63.9512
51.7871
5.77803
-33.6732
-20.0611
8.79709
-2.68171
-31.6936
-62.0943
-51.8209
-2.70403
-39.9672
-19.45
7.90121
32.7194
-14.6418
9.12449
6.43466
34.526
39.543
22.4569
20.4171
-44.1647
-78.7036
-40.8887
-9.8284
16.3612
18.86
7.01839
9.88277
1.66296
18.4105
-0.595295
0.264951
29.313
51.1004
26.5462
7.66351
-43.4256
-31.9658
26.0187
38.3343
0.948262
0.0963123
13.0448
-4.96932
-14.4619
-17.8101
-43.1448
-52.6936
-22.2341
18.3711
24.1742
7.42596
50.6309
64.7468
17.7835
-1.01611
-28.6132
-44.4112
-18.7021
3.31664
21.2203
2.46455
2.46471
-14.7139
7.46038
-2.58127
-3.71051
-31.5779
-22.339
5.01835
23.5118
19.2274
24.675
36.5063
-6.90025
-54.5145
-33.5366
-0.909049
36.873
14.0899
-21.0833
-38.8683
9.26471
20.4259
-5.55968
-6.77732
-12.9257
-19.746
-6.52518
-2.0176
17.4422
4.97092
1.51985
10.3035
21.146
1.64083
-3.32464
-12.1026
-25.4881
-39.4068
-18.0073
-24.4476
5.36891
33.4427
40.0361
47.8356
63.3877
52.093
-17.2562
-31.2884
-18.5738
-25.7808
-22.5709
-6.48783
-5.20987
-5.85246
-16.6963
-19.9114
34.695
16.8551
-1.21333
-7.0514
-5.83989
-17.0429
-20.8623
-7.50811
-7.17121
16.5157
-3.48153
-13.9887
10.1887
46.3102
46.0013
-7.0218
-26.2228
-20.7167
3.4526
22.3917
13.2024
14.7098
15.7412
-13.8862
-17.5888
6.49866
9.06725
21.4564
11.9201
11.2474
-7.20094
-20.2573
-71.1514
-42.4723
4.08367
28.8396
1.1241
-5.22353
5.03741
11.7188
-11.4262
0.169836
-15.4576
-10.7434
-3.58527
10.9149
5.16686
11.0065
11.4564
24.3184
40.8085
42.648
2.28004
-28.7628
-27.1887
-43.2242
-7.27756
6.38415
14.0361
-12.3652
-17.7363
-31.1367
1.69317
11.0344
9.80425
0.0778275
7.03055
14.4188
10.5199
10.4446
-12.99
5.49969
-27.4872
-5.36336
22.3991
8.83802
-47.6448
-12.7661
-17.7112
-15.3214
29.3839
74.5199
43.9199
19.1668
-5.94933
-36.7845
-33.5421
-7.61929
-8.22226
-9.75448
21.8591
6.70472
-35.6438
-2.15377
17.3147
13.9083
-6.8505
-1.92687
-2.38718
26.2194
7.07484
29.2569
20.0675
-4.76927
8.26654
-19.474
-43.8521
-5.0896
-13.2114
4.62443
17.5916
0.381575
-9.13365
0.218935
-2.52553
-19.5321
-24.5123
-19.3323
5.22584
-7.73217
18.1772
17.9276
-1.9206
-19.4113
1.84272
22.8698
10.6768
24.1637
41.967
18.946
-6.19542
-2.52528
-12.2283
-19.6982
-16.6716
-17.3611
-3.16195
28.123
13.685
10.3908
-0.244292
-61.2179
-63.3794
-8.92679
-15.4563
-7.70489
25.6019
8.93831
12.8307
34.1532
52.9727
21.1145
-39.5746
-54.7658
-16.6363
8.49522
19.3609
34.8676
23.6033
12.5148
20.8483
34.5319
26.0631
21.456
-27.3939
-51.4112
-62.5463
-54.2133
-15.8921
11.5964
36.4723
21.6811
20.3586
6.4047
-20.343
-17.457
5.15408
-20.8835
-14.2268
0.526162
-3.16609
0.298429
20.3756
28.388
37.7744
-7.32264
-15.0339
14.4332
12.8268
12.582
2.83481
-7.63725
6.74151
26.7657
-25.8443
-10.1396
-24.0943
-27.5791
-31.4655
-8.26744
-5.09471
-19.9513
8.57287
22.19
-4.8829
-8.07667
-10.0417
-8.69221
17.4069
16.6663
35.5577
26.8675
24.7282
5.10205
2.80686
-20.0568
-33.6285
-42.8807
-22.9508
8.91983
25.5261
19.3193
4.52054
13.6709
29.134
-3.24621
-18.0326
-29.0583
-31.8995
-16.3803
10.3143
9.31312
16.4083
17.9701
-0.927278
-8.28322
17.1353
35.074
14.8712
7.08482
10.3034
-20.0801
-43.4597
-8.52718
-0.81082
-14.3154
-15.9042
5.70044
0.811154
15.2327
12.4866
8.44527
-9.03379
-5.29187
-8.26336
-32.2089
4.77044
9.04633
16.7183
19.4996
16.7967
8.48851
0.661567
-3.61216
10.4367
-16.0961
-18.2978
-21.5787
-5.01821
-7.41218
8.52107
15.4162
19.4119
18.3076
9.92646
-3.61579
-3.97484
-4.43793
-28.5544
-25.813
-6.35723
-14.3712
-20.2385
0.253837
7.1652
31.1096
20.6535
-15.0219
-13.1827
11.2191
7.00534
-12.8144
-4.95863
12.3787
4.00748
-0.853153
10.4826
7.81191
7.50848
2.95835
9.56304
16.034
15.1288
-12.241
-4.2433
5.86642
6.23862
-15.9447
-31.7485
-14.1414
-1.26685
4.87909
33.96
11.1443
-31.9045
-26.4943
-2.90112
-25.7351
-13.9658
-9.42171
-5.72053
-18.4003
28.8485
40.8839
25.6296
14.4462
35.9282
16.9279
2.65851
7.85714
2.58548
-24.8311
-7.25247
-1.78036
-30.2767
-38.8627
-24.3318
5.27411
12.9761
30.8255
11.3279
6.07694
-1.63094
-4.54157
-5.88304
1.46565
7.65422
-30.2327
-27.8081
3.52634
8.1651
6.86386
25.3969
24.1214
7.22011
-8.1656
-3.85328
-14.0145
-19.6801
-1.85548
12.2906
0.0350872
-0.372723
15.9862
2.21606
3.52206
3.38107
-9.36302
-17.9405
-24.3824
-8.19793
6.12676
9.04904
1.8422
12.646
7.78505
15.4856
12.7528
13.277
-4.07163
-6.34131
-10.9423
5.63008
8.56757
1.3693
-3.47713
-3.69842
5.3843
-11.2007
-17.5174
-12.4187
-3.89513
-3.8099
-9.21109
-16.9046
-7.88221
-1.15919
7.92484
20.777
13.2375
3.8318
0.725157
9.9494
11.7558
7.00513
4.6487
-2.2402
-0.0930922
-1.77662
-7.92077
-12.1365
-15.3162
0.159208
8.55584
19.1099
12.539
1.38982
-6.64106
-0.749889
-1.93394
-16.5534
-24.1333
-13.322
-5.18131
6.4067
7.46563
7.89401
3.07279
1.30351
5.96632
-2.94967
2.96004
-1.35209
-5.38493
1.07885
18.5284
10.8755
-4.5823
-0.254266
7.48829
-2.30461
-0.194314
-0.469243
-2.65147
-10.153
-4.4583
-6.91911
-4.5393
0.629995
5.3932
-1.39623
11.645
4.79919
-1.97553
-9.92881
-0.406411
-5.48871
-0.350563
1.4751
5.2372
3.83413
4.53866
1.75672
-0.0323839
-2.43267
-0.942945
-3.77548
-0.519582
